;						 ----- £vodn  lekcia -----
4
5
6
4
5
6
4
5
6
4
5
6
4
5
6
4
5
6
44
45
46
54
55
56
64
65
66
456
654
456
654
456
654
4444
5555
6666
4565
6545
4565
6545
4565
6545
4646
6464
4646
6464
4646
6464
5645
5465
5645
5465
5645
5465
445566
556644
664455
654654
654654
654654
456456
456456
456456
65456
54654
56455
64556
44654
56466
64654
54656
;						----- 1. lekcia -----
1
4
7
1
4
7
1
4
7
1
4
7
1
4
7
1
4
7
41
44
47
41
44
47
41
44
47
74
44
14
74
44
14
74
44
14
51
54
57
61
64
67
51
54
57
61
64
67
71
71
71
17
17
17
11
11
11
77
77
77
167
157
147
167
157
147
167
157
147
167
157
147
761
751
741
761
751
741
761
751
741
761
751
741
45716
65174
45716
65174
45176
65174
75146
15764
75146
15764
75146
15764
51
56714
47651
46754
6165
57
4614
675
4617
5114
7117
;						----- 2. lekcia -----
2
5
8
2
5
8
2
5
8
8
5
2
8
5
2
8
5
2
52
55
58
52
55
58
52
55
58
52
55
58
52
55
58
52
55
58
48
58
68
42
52
62
48
58
68
42
52
62
48
58
68
42
52
62
78
12
78
12
78
12
47
58
41
52
47
58
41
52
68
67
61
62
485
425
485
425
485
425
485
425
485
425
685
625
685
625
685
625
685
625
748
142
748
142
748
142
748
142
748
142
486
426
486
426
486
426
486
426
486
586
686
486
586
686
486
586
686
426
526
626
426
526
626
426
526
626
124
125
126
784
785
786
124
125
125
784
785
786
124
125
126
784
785
786
1248
75861
4678
164
48
426
1762
4885
6214
7552
4628
8825
6124
2
42
612
;						----- 3. lekcia -----
3
6
9
3
6
9
3
6
9
3
6
9
3
6
9
3
6
9
63
66
69
63
66
69
63
66
69
63
66
69
63
66
69
63
66
69
49
53
49
53
49
53
49
53
49
53
49
53
49
53
49
53
49
53
19
73
19
73
19
73
19
73
19
73
19
73
83
29
83
29
83
29
83
29
83
29
83
29
79
89
89
13
23
33
79
89
99
13
23
33
749
143
749
143
749
143
749
143
749
143
749
143
759
153
759
153
759
153
819
273
819
273
819
273
819
273
819
273
819
273
679
613
679
613
679
613
679
613
679
613
679
613
324
984
324
984
324
984
324
984
324
984
324
984
4859
4123
4859
4123
4859
4123
4859
4123
4859
4123
7921
3658
7921
3658
7921
3658
7921
3658
43678
1549
8765
49
456
7564
139
7546
51464
45686
136497
74
9846
138
7319
13248
46546
;						----- 4. lekcia -----
0
.
0
.
0
.
0
.
0
.
0
.
0
.
0
.
0
.
40
4.
50
5.
60
6.
40
4.
50
5.
60
6.
40
4.
50
5.
60
6.
4.4
5.5
6.6
4.4
5.5
6.6
407
508
609
407
508
609
407
508
609
407
508
609
7.1
8.2
9.3
7.1
8.2
9.3
7.1
8.2
9.3
7.1
8.2
9.3
1.5
3.5
1.5
3.5
1.5
3.5
100
200
300
400
500
600
700
800
900
100
200
300
400
500
600
700
800
900
0.1
0.2
0.3
0.4
0.5
0.6
0.7
0.8
0.9
0.1
0.2
0.3
0.4
0.5
0.6
0.7
0.8
0.9
74.1
85.2
96.3
74.1
85.2
96.3
74.1
85.2
96.3
74.1
85.2
96.3
46.2
45.8
12.9
46.2
45.8
12.9
46.2
45.8
12.9
46.2
45.8
12.9
830
920
7.6
830
920
7.6
830
920
7.6
830
920
7.6
61.03
82.79
16.01
0.007
43.83
10.57
1.624
8.556
7.392
462.0
3.227
62.799
4.4
8.16
3.881
6.297
123.88
7.662
3.102
0.0001
50000
5000
500
50
95.365
2.51
6.88
5.64
2.801
4.627
7
43.2
9.9
8.51
4.661
;						----- 5. lekcia -----
/
+
/
+
/
+
/
+
/
+
/
+
/
+
/
+
/
+
4/6
1/3
7/9
4/6
1/3
7/9
4/6
1/3
7/9
4/6
1/3
7/9
4/6
1/3
7/9
4/6
1/3
7/9
5+8
4+0
6.1+2
5+8
4+0
6.1+2
5+8
4+0
6.1+2
5+8
4+0
6.1+2
5+8
4+0
6.1+2
5+8
4+0
6.1+2
1/4+7
2/5+8
3/6+9
1/4+7
2/5+8
3/6+9
1/4+7
2/5+8
3/6+9
1+4/7
2+5/8
3+6/9
1+4/7
2+5/8
3+6/9
0.4+7.6
83/95
0.4+7.6
83/95
0.4+7.6
83/95
0.4+7.6
83/95
64+58
25/79
64+58
25/79
64+58
25/79
64+58
25/79
64+58
25/79
18+65
9/1
7.3+20
18.65
9/1
7.3+20
18.65
9/1
7.3+20
18.65
9/1
7.3+20
18.65
9/1
7.3+20
18.65
9/1
7.3+20
0.1+1
0.2+2
0.3+3
0.4+4
0.5+5
0.6+6
0.7+7
0.8+8
0.9+9
0.1/1
0.2/2
0.3/3
0.4/4
0.5/5
0.6/6
0.7/7
0.8/8
0.9/9
15/6.5
453.5
8/5
64+95
1+5+9.8
4+7
2+89
8/65
91/7
0.2+2
9+6.78
68/75
48+6
8/9
61+5
3.64/99
50.6+7
79+5
49.2/8
86.32+6
3+5
7/56.3
93.5/1
;						----- 6. lekcia -----
*
-
*
-
*
-
*
-
*
-
*
-
*
-
*
-
*
-
7*1
8*2
9*3
7*1
8*2
9*3
7*1
8*2
9*3
7*1
8*2
9*3
7*1
8*2
9*3
7*1
8*2
9*3
40*4
50*5
60*6
40*4
50*5
60*6
40*4
50*5
60*6
40*4
50*5
60*6
16*7
62*0.2
753*1
73*6
1687*5
55*7
7-1
8-2
9-3
7-1
8-2
9-3
7-1
8-2
9-3
7-1
8-2
9-3
7-1
8-2
9-3
7-1
8-2
9-3
2.65*7
46.7*43
43*13+9
0.2-54/5
2+5*8
0.2*5
6.44-7
76*6
95+69
210+5
8*62
10*84
11*43
9-45
620.1-4
7-9
80.3-8
1*5
16*5-7
32-4
10.5/8
62.7+5
19*5
64-5
15+7*5
-9+5
;						----- rozcvicka -----
456
147
258
369
0.4
0.5
0.6
2+3
9-7
5.3*4
0/5
1.5648
9.407+483
15458*8
6114.3
1873-8
;						----- test -----
164.3
770
4251
0.3657
8.2
7912
9261
372
0.318
661.2
664.2
667.95
652
10.26
66.547
9585
618700
1000
729.3
41
5945
235
0.0018
16.776
45.611
654
123
789
10
5284
615.36
748.2
129.2
74.64
7983.3
500.23
78301
915
8861
4670
3154
6627
615
1010
27
10.001
79.25
617
4992
165
498
751.35
1200.5
500
7090.3
6172
21465
423
123
9512
2000
7910
624
8221
318
964
31.34
127.336
81.35
46
9514
62488
61002
2.35566
88000
461
3548
187
4333
7641
7853
6114
2.365
0.336
66.5
914.5
881
62402
0.0012
62.35
942
61
644
846
597
112
12600
3200
100
4592
;					----- zaverecna -----
412
651.2
651+5
9*8
125-45
3.2*5
56+89
16-42
8*95
91+25
78*8
6-9
12/7
0.22+5
1-5*8
324/8
365.25*8
45+83
621.54
95.365
2.355
854
6512
65*74
59-12
1000
500
5000+2
466
3218
80+95
26-56
9*8
8/56.2
3.2*5.9
8.2254
759+9
651+8
94*56
3.221/8
61+23
55*8
9-44.2
8/77
951
657
1200
62.65
94*8
6+5
9-884
8/700
100*5
60.4
88-7
55/894.32
6+521
3-987
1-54.3
6+552
3.112*8
61/8
31+55
648-85
46/3.221
0.2228
620*8
0.225
61.3302
5.0007
84+61
9+5
669+7
951-4
88*4
620/4
661
324.5
61.335
0.007