;						 ----- £vodn  lekcia -----
4
5
6
4
5
6
4
5
6
4
5
6
4
5
6
4
5
6
44
45
46
54
55
56
64
65
66
456
654
456
654
456
654
4444
5555
6666
4565
6545
4565
6545
4565
6545
4646
6464
4646
6464
4646
6464
5645
5465
5645
5465
5645
5465
445566
556644
664455
654654
654654
654654
456456
456456
456456
65456
54654
56455
64556
44654
56466
64654
54656
;						----- 1. lekcia -----
1
;						----- 2. lekcia -----
2
;						----- 3. lekcia -----
3
;						----- 4. lekcia -----
0
;						----- 5. lekcia -----
/
;						----- 6. lekcia -----
*
;						----- rozcvicka -----
456
;						----- test -----
164.3
;       					----- zaverecna -----
412
